0.044270606007188934
-3.582537425634893
-2.1030971432502534
0.061018374622915046
3.4437937011422783
0.025520812529058596
0.16681352501790636
0.7884560467362852
1.5227179991276687
1.425349468319701
0.6915958884629134
-1.3031961145780049
-0.8529786958831593
-2.994183381133494
-0.2001141227589445
-2.276522894554068
-2.7968961948242677
1.2753339129946137
-1.8991723418013278
2.109785225835054
1.4542950595884665
2.120007754887227
0.6917821209928651
0.02786120308988716
-2.972275121904761
1.4981084605185906
0.5863219312825928
1.6907094664208178
-0.30297224735111017
-1.1325605627462827
3.804334196863186
1.0928577029838984
1.4591298398208432
1.6002112514674651
2.79000675919679
4.642923337905057
1.3329166038349216
-1.9303822115417777
3.4270290269815606
-2.1699648635339064
0.8486499979343791
0.6571144197949145
2.504626554957564
-0.28158702877473923
-0.2415904926135271
0.11053760560285485
1.7685142373502878
4.236626745132699
-1.4565009007769547
0.4544519870473171
0.7520027569944526
0.6404180442574066
0.1964819553126936
-1.2174817328077328
1.0934106671790464
2.069502408692819
-1.768046295445473
-0.28465638566356893
5.003501073416975
-2.147095957894507
-1.332510912778179
2.03950083221837
-1.0847995913584931
-0.9334168066921162
-2.6240052436872805
0.9887919105826584
0.9124274550645781
1.7609204618672523
-0.26940297529879326
-2.8966263758899697
5.76098318717847
-0.460603199727632
-0.376150652877946
1.4073225839680932
-0.031345392592869295
0.7170656014198046
-2.466091951859306
-1.6072931959523256
2.1727250014407598
0.5705553963387647
-2.7677084149062203
-0.49382970320288094
0.3654476612738081
1.7127493242324643
-4.346352468015202
-0.32418934283506334
-1.2107210800500086
2.047399296604263
-2.5607068926594985
-1.2047742285252578
-4.019609519630435
3.2853198300616016
-0.735188227777744
-4.219322619739787
0.439575884735433
-2.4466661553342353
0.8790737985594124
-2.4209389237782926
1.8534824816331954
0.5342837564923606
-0.9646988492758554
-0.8956123930036224
1.630061687675269
-0.31045122808852343
-0.785823699375509
-1.1946559073971026
-1.548727681617507
-0.7106973999597893
2.3353493317766367
4.441342112176584
0.019940971729040663
-0.42483093115856724
-2.7491489710830552
-3.9947198876068635
3.6187754449204546
-1.799734152148305
-0.31211357837153064
1.0837646662839733
-2.5589937856852067
-1.9950161181504178
-0.13093327834761573
1.6774727786027344
-0.4254287022354812
-2.2676400584164154
0.4752042145478756
3.8240346695312653
-0.512707404222478
1.605568573859274
-1.4700628314704085
-1.6153076184050592
-3.7815791696334244
2.3641327319076244
1.7127115585055679
0.3559700251690669
-2.5564337563218738
2.8981061172128433
0.8129720147476813
-1.2977181214095526
1.3562337060012886
-1.1206403709350288
-2.0119033308508745
-1.4756384280886132
-2.6130217452444984
-2.5553684938080687
-0.7524630105851882
0.107126662822249
-0.3970683527208035
2.434536539159978
1.692911277257799
-0.07875240521402825
-0.23508779423171067
-1.854742506001122
-2.588925752023799
-0.7596844289651249
-0.16278561909087633
-2.3373276041687205
2.2937997165736137
3.6181814798267182
2.545982935718678
-1.7903670498411082
-1.949936033827476
-0.23698189284152532
0.678947644017668
0.620002932754544
-1.7581626751210067
-0.8168580039073567
-2.0665468984746176
-0.3822801721877833
-2.727946838495952
0.23605236236073363
-0.216512939912635
0.656739385345737
0.015951416393696412
0.14774541387652929
1.1743587081197202
-0.9810320275864497
0.7485919003035006
0.8674349466669395
3.6796307096837473
0.3245565692340198
0.8526669110626455
0.8381247936630245
-2.450943080690569
-5.016886136206078
3.3616721930710405
0.3706927075005234
0.11048600433344904
-0.4746945137367662
-0.9729852040466976
-0.11178981520453773
-2.5367668997747805
1.0024526635873574
0.25302465491099757
3.2553094518322254
0.8181536729421695
2.4881838596123225
2.458177973933371
-2.9254018161228887
1.1495405539441181
4.589573219781045
