0.044270606007188934
-3.582537425634893
-2.1030971432502534
0.061018374622915046
3.4437937011422783
0.025520812529058596
0.16681352501790636
0.7884560467362852
1.5227179991276687
1.425349468319701
0.6915958884629134
-1.3031961145780049
-0.8529786958831593
-2.994183381133494
-0.2001141227589445
-2.276522894554068
-2.7968961948242677
1.2753339129946137
-1.8991723418013278
2.109785225835054
1.4542950595884665
2.120007754887227
0.6917821209928651
0.02786120308988716
-2.972275121904761
1.4981084605185906
0.5863219312825928
1.6907094664208178
-0.30297224735111017
-1.1325605627462827
3.804334196863186
1.0928577029838984
1.4591298398208432
1.6002112514674651
2.79000675919679
4.642923337905057
1.3329166038349216
-1.9303822115417777
3.4270290269815606
-2.1699648635339064
0.8486499979343791
0.6571144197949145
2.504626554957564
-0.28158702877473923
-0.2415904926135271
0.11053760560285485
1.7685142373502878
4.236626745132699
-1.4565009007769547
0.4544519870473171
0.7520027569944526
0.6404180442574066
0.1964819553126936
-1.2174817328077328
1.0934106671790464
2.069502408692819
-1.768046295445473
-0.28465638566356893
5.003501073416975
-2.147095957894507
-1.332510912778179
2.03950083221837
-1.0847995913584931
-0.9334168066921162
-2.6240052436872805
0.9887919105826584
0.9124274550645781
1.7609204618672523
-0.26940297529879326
-2.8966263758899697
5.76098318717847
-0.460603199727632
-0.376150652877946
1.4073225839680932
-0.031345392592869295
0.7170656014198046
-2.466091951859306
-1.6072931959523256
2.1727250014407598
0.5705553963387647
-2.7677084149062203
-0.49382970320288094
0.3654476612738081
1.7127493242324643
-4.346352468015202
-0.32418934283506334
-1.2107210800500086
2.047399296604263
-2.5607068926594985
-1.2047742285252578
-4.019609519630435
3.2853198300616016
-0.735188227777744
-4.219322619739787
0.439575884735433
-2.4466661553342353
0.8790737985594124
-2.4209389237782926
1.8534824816331954
0.5342837564923606
